&control
    calculation = 'scf'
    prefix      = 'si216'
    pseudo_dir  = '.'
    outdir      = './out'
    verbosity   = 'high'
    disk_io     = 'none'
/
&system
    ibrav       = 1
    celldm(1)   = 30.7800
    nat         = 216
    ntyp        = 1
    ecutwfc     = 22.0
    nbnd        = 453
/
&electrons
    electron_maxstep  = 4
    scf_must_converge = .false.
    diagonalization   = 'david'
    mixing_beta       = 0.7
    conv_thr          = 1.0d-6
/
ATOMIC_SPECIES
 Si 28.0855 Si.pz-vbc.UPF
ATOMIC_POSITIONS crystal
 Si 0.00000000 0.00000000 0.00000000
 Si 0.00000000 0.16666667 0.16666667
 Si 0.16666667 0.00000000 0.16666667
 Si 0.16666667 0.16666667 0.00000000
 Si 0.08333333 0.08333333 0.08333333
 Si 0.08333333 0.25000000 0.25000000
 Si 0.25000000 0.08333333 0.25000000
 Si 0.25000000 0.25000000 0.08333333
 Si 0.00000000 0.00000000 0.33333333
 Si 0.00000000 0.16666667 0.50000000
 Si 0.16666667 0.00000000 0.50000000
 Si 0.16666667 0.16666667 0.33333333
 Si 0.08333333 0.08333333 0.41666667
 Si 0.08333333 0.25000000 0.58333333
 Si 0.25000000 0.08333333 0.58333333
 Si 0.25000000 0.25000000 0.41666667
 Si 0.00000000 0.00000000 0.66666667
 Si 0.00000000 0.16666667 0.83333333
 Si 0.16666667 0.00000000 0.83333333
 Si 0.16666667 0.16666667 0.66666667
 Si 0.08333333 0.08333333 0.75000000
 Si 0.08333333 0.25000000 0.91666667
 Si 0.25000000 0.08333333 0.91666667
 Si 0.25000000 0.25000000 0.75000000
 Si 0.00000000 0.33333333 0.00000000
 Si 0.00000000 0.50000000 0.16666667
 Si 0.16666667 0.33333333 0.16666667
 Si 0.16666667 0.50000000 0.00000000
 Si 0.08333333 0.41666667 0.08333333
 Si 0.08333333 0.58333333 0.25000000
 Si 0.25000000 0.41666667 0.25000000
 Si 0.25000000 0.58333333 0.08333333
 Si 0.00000000 0.33333333 0.33333333
 Si 0.00000000 0.50000000 0.50000000
 Si 0.16666667 0.33333333 0.50000000
 Si 0.16666667 0.50000000 0.33333333
 Si 0.08333333 0.41666667 0.41666667
 Si 0.08333333 0.58333333 0.58333333
 Si 0.25000000 0.41666667 0.58333333
 Si 0.25000000 0.58333333 0.41666667
 Si 0.00000000 0.33333333 0.66666667
 Si 0.00000000 0.50000000 0.83333333
 Si 0.16666667 0.33333333 0.83333333
 Si 0.16666667 0.50000000 0.66666667
 Si 0.08333333 0.41666667 0.75000000
 Si 0.08333333 0.58333333 0.91666667
 Si 0.25000000 0.41666667 0.91666667
 Si 0.25000000 0.58333333 0.75000000
 Si 0.00000000 0.66666667 0.00000000
 Si 0.00000000 0.83333333 0.16666667
 Si 0.16666667 0.66666667 0.16666667
 Si 0.16666667 0.83333333 0.00000000
 Si 0.08333333 0.75000000 0.08333333
 Si 0.08333333 0.91666667 0.25000000
 Si 0.25000000 0.75000000 0.25000000
 Si 0.25000000 0.91666667 0.08333333
 Si 0.00000000 0.66666667 0.33333333
 Si 0.00000000 0.83333333 0.50000000
 Si 0.16666667 0.66666667 0.50000000
 Si 0.16666667 0.83333333 0.33333333
 Si 0.08333333 0.75000000 0.41666667
 Si 0.08333333 0.91666667 0.58333333
 Si 0.25000000 0.75000000 0.58333333
 Si 0.25000000 0.91666667 0.41666667
 Si 0.00000000 0.66666667 0.66666667
 Si 0.00000000 0.83333333 0.83333333
 Si 0.16666667 0.66666667 0.83333333
 Si 0.16666667 0.83333333 0.66666667
 Si 0.08333333 0.75000000 0.75000000
 Si 0.08333333 0.91666667 0.91666667
 Si 0.25000000 0.75000000 0.91666667
 Si 0.25000000 0.91666667 0.75000000
 Si 0.33333333 0.00000000 0.00000000
 Si 0.33333333 0.16666667 0.16666667
 Si 0.50000000 0.00000000 0.16666667
 Si 0.50000000 0.16666667 0.00000000
 Si 0.41666667 0.08333333 0.08333333
 Si 0.41666667 0.25000000 0.25000000
 Si 0.58333333 0.08333333 0.25000000
 Si 0.58333333 0.25000000 0.08333333
 Si 0.33333333 0.00000000 0.33333333
 Si 0.33333333 0.16666667 0.50000000
 Si 0.50000000 0.00000000 0.50000000
 Si 0.50000000 0.16666667 0.33333333
 Si 0.41666667 0.08333333 0.41666667
 Si 0.41666667 0.25000000 0.58333333
 Si 0.58333333 0.08333333 0.58333333
 Si 0.58333333 0.25000000 0.41666667
 Si 0.33333333 0.00000000 0.66666667
 Si 0.33333333 0.16666667 0.83333333
 Si 0.50000000 0.00000000 0.83333333
 Si 0.50000000 0.16666667 0.66666667
 Si 0.41666667 0.08333333 0.75000000
 Si 0.41666667 0.25000000 0.91666667
 Si 0.58333333 0.08333333 0.91666667
 Si 0.58333333 0.25000000 0.75000000
 Si 0.33333333 0.33333333 0.00000000
 Si 0.33333333 0.50000000 0.16666667
 Si 0.50000000 0.33333333 0.16666667
 Si 0.50000000 0.50000000 0.00000000
 Si 0.41666667 0.41666667 0.08333333
 Si 0.41666667 0.58333333 0.25000000
 Si 0.58333333 0.41666667 0.25000000
 Si 0.58333333 0.58333333 0.08333333
 Si 0.33333333 0.33333333 0.33333333
 Si 0.33333333 0.50000000 0.50000000
 Si 0.50000000 0.33333333 0.50000000
 Si 0.50000000 0.50000000 0.33333333
 Si 0.41666667 0.41666667 0.41666667
 Si 0.41666667 0.58333333 0.58333333
 Si 0.58333333 0.41666667 0.58333333
 Si 0.58333333 0.58333333 0.41666667
 Si 0.33333333 0.33333333 0.66666667
 Si 0.33333333 0.50000000 0.83333333
 Si 0.50000000 0.33333333 0.83333333
 Si 0.50000000 0.50000000 0.66666667
 Si 0.41666667 0.41666667 0.75000000
 Si 0.41666667 0.58333333 0.91666667
 Si 0.58333333 0.41666667 0.91666667
 Si 0.58333333 0.58333333 0.75000000
 Si 0.33333333 0.66666667 0.00000000
 Si 0.33333333 0.83333333 0.16666667
 Si 0.50000000 0.66666667 0.16666667
 Si 0.50000000 0.83333333 0.00000000
 Si 0.41666667 0.75000000 0.08333333
 Si 0.41666667 0.91666667 0.25000000
 Si 0.58333333 0.75000000 0.25000000
 Si 0.58333333 0.91666667 0.08333333
 Si 0.33333333 0.66666667 0.33333333
 Si 0.33333333 0.83333333 0.50000000
 Si 0.50000000 0.66666667 0.50000000
 Si 0.50000000 0.83333333 0.33333333
 Si 0.41666667 0.75000000 0.41666667
 Si 0.41666667 0.91666667 0.58333333
 Si 0.58333333 0.75000000 0.58333333
 Si 0.58333333 0.91666667 0.41666667
 Si 0.33333333 0.66666667 0.66666667
 Si 0.33333333 0.83333333 0.83333333
 Si 0.50000000 0.66666667 0.83333333
 Si 0.50000000 0.83333333 0.66666667
 Si 0.41666667 0.75000000 0.75000000
 Si 0.41666667 0.91666667 0.91666667
 Si 0.58333333 0.75000000 0.91666667
 Si 0.58333333 0.91666667 0.75000000
 Si 0.66666667 0.00000000 0.00000000
 Si 0.66666667 0.16666667 0.16666667
 Si 0.83333333 0.00000000 0.16666667
 Si 0.83333333 0.16666667 0.00000000
 Si 0.75000000 0.08333333 0.08333333
 Si 0.75000000 0.25000000 0.25000000
 Si 0.91666667 0.08333333 0.25000000
 Si 0.91666667 0.25000000 0.08333333
 Si 0.66666667 0.00000000 0.33333333
 Si 0.66666667 0.16666667 0.50000000
 Si 0.83333333 0.00000000 0.50000000
 Si 0.83333333 0.16666667 0.33333333
 Si 0.75000000 0.08333333 0.41666667
 Si 0.75000000 0.25000000 0.58333333
 Si 0.91666667 0.08333333 0.58333333
 Si 0.91666667 0.25000000 0.41666667
 Si 0.66666667 0.00000000 0.66666667
 Si 0.66666667 0.16666667 0.83333333
 Si 0.83333333 0.00000000 0.83333333
 Si 0.83333333 0.16666667 0.66666667
 Si 0.75000000 0.08333333 0.75000000
 Si 0.75000000 0.25000000 0.91666667
 Si 0.91666667 0.08333333 0.91666667
 Si 0.91666667 0.25000000 0.75000000
 Si 0.66666667 0.33333333 0.00000000
 Si 0.66666667 0.50000000 0.16666667
 Si 0.83333333 0.33333333 0.16666667
 Si 0.83333333 0.50000000 0.00000000
 Si 0.75000000 0.41666667 0.08333333
 Si 0.75000000 0.58333333 0.25000000
 Si 0.91666667 0.41666667 0.25000000
 Si 0.91666667 0.58333333 0.08333333
 Si 0.66666667 0.33333333 0.33333333
 Si 0.66666667 0.50000000 0.50000000
 Si 0.83333333 0.33333333 0.50000000
 Si 0.83333333 0.50000000 0.33333333
 Si 0.75000000 0.41666667 0.41666667
 Si 0.75000000 0.58333333 0.58333333
 Si 0.91666667 0.41666667 0.58333333
 Si 0.91666667 0.58333333 0.41666667
 Si 0.66666667 0.33333333 0.66666667
 Si 0.66666667 0.50000000 0.83333333
 Si 0.83333333 0.33333333 0.83333333
 Si 0.83333333 0.50000000 0.66666667
 Si 0.75000000 0.41666667 0.75000000
 Si 0.75000000 0.58333333 0.91666667
 Si 0.91666667 0.41666667 0.91666667
 Si 0.91666667 0.58333333 0.75000000
 Si 0.66666667 0.66666667 0.00000000
 Si 0.66666667 0.83333333 0.16666667
 Si 0.83333333 0.66666667 0.16666667
 Si 0.83333333 0.83333333 0.00000000
 Si 0.75000000 0.75000000 0.08333333
 Si 0.75000000 0.91666667 0.25000000
 Si 0.91666667 0.75000000 0.25000000
 Si 0.91666667 0.91666667 0.08333333
 Si 0.66666667 0.66666667 0.33333333
 Si 0.66666667 0.83333333 0.50000000
 Si 0.83333333 0.66666667 0.50000000
 Si 0.83333333 0.83333333 0.33333333
 Si 0.75000000 0.75000000 0.41666667
 Si 0.75000000 0.91666667 0.58333333
 Si 0.91666667 0.75000000 0.58333333
 Si 0.91666667 0.91666667 0.41666667
 Si 0.66666667 0.66666667 0.66666667
 Si 0.66666667 0.83333333 0.83333333
 Si 0.83333333 0.66666667 0.83333333
 Si 0.83333333 0.83333333 0.66666667
 Si 0.75000000 0.75000000 0.75000000
 Si 0.75000000 0.91666667 0.91666667
 Si 0.91666667 0.75000000 0.91666667
 Si 0.91666667 0.91666667 0.75000000
K_POINTS gamma
